5 15 1
18 18 5
16 5 7
12 18 9
6 3 7
20 18 15
6 16 3
17 11 7
1 14 9
11 2 1
18 14 3
5 13 10
1 13 15
12 3 13
3 3 3
19 2 14
19 14 5
20 8 9
5 16 3
8 10 12
6 13 14
8 7 15
15 16 6
9 20 7
20 7 18
7 19 3
15 1 9
9 4 11
18 16 10
11 17 7
7 1 4
8 14 18
17 4 13
20 11 7
13 11 17
9 17 13
5 3 2
13 7 19
17 15 3
1 8 15
20 1 9
7 18 18
17 6 10
7 9 12
10 4 7
14 16 11
10 10 1
18 18 3
3 8 14
8 8 17
3 4 5
16 5 2
18 2 6
5 3 17
1 6 1
13 15 8
1 9 1
6 2 17
18 2 3
6 17 4
16 7 4
6 5 3
7 11 3
12 17 10
20 5 7
3 19 3
16 14 18
19 19 8
11 20 9
2 2 2
11 6 19
15 7 5
9 14 20
12 19 3
5 19 10
19 18 6
19 17 6
15 2 14
17 7 2
18 12 4
20 1 13
8 1 19
1 9 14
10 12 15
4 18 14
16 15 1
11 10 7
7 3 6
5 11 4
19 2 18
9 9 19
18 17 6
16 11 18
12 17 5
15 2 13
13 15 17
2 1 9
14 7 7
5 19 20
4 16 8
7 14 15
15 18 18
15 19 13
16 10 11
14 5 5
16 1 18
19 8 3
5 11 11
18 3 13
13 19 1
20 13 5
8 3 8
4 8 7
15 15 18
7 6 18
6 7 17
15 12 7
9 7 12
2 14 9
8 5 7
7 7 10
2 4 4
15 6 4
20 6 7
13 14 18
10 19 1
3 3 7
7 18 13
18 16 20
13 13 18
7 2 1
10 14 20
11 10 15
10 1 18
8 20 12
11 14 13
5 3 2
11 8 7
4 13 1
13 15 15
8 6 5
16 5 20
4 11 6
18 13 1
11 9 2
4 10 5
9 13 7
10 13 6
8 16 10
9 19 13
1 9 4
5 12 17
6 16 9
1 19 19
7 8 1
17 16 10
17 15 12
6 11 2
5 14 20
2 16 9
20 10 18
20 4 15
14 20 15
3 3 18
13 16 20
10 17 19
11 14 17
19 14 13
13 12 4
4 15 8
14 17 20
20 19 5
19 2 5
17 4 18
12 15 2
13 14 19
10 12 6
6 7 11
14 5 20
18 7 17
14 15 18
20 10 16
17 8 3
7 4 8
9 5 13
14 13 10
13 3 18
20 13 3
9 12 20
20 8 11
8 5 12
12 19 9
12 11 1
16 7 7
3 7 6
7 16 2
15 13 19
13 17 5
18 1 5
15 4 5
7 8 6
13 20 13
16 16 17
13 11 10
12 7 2
14 2 11
14 14 8
18 16 15
11 2 9
3 7 14
1 20 13
12 12 6
15 2 13
5 17 9
10 12 19
19 7 15
7 9 18
14 7 4
15 9 9
4 7 14
19 1 20
18 12 5
18 6 12
13 6 15
14 8 8
3 19 3
8 18 19
6 2 18
9 1 7
12 18 2
9 3 10
8 12 11
19 11 14
2 14 5
18 20 11
4 13 18
1 6 8
5 10 9
4 4 5
1 12 14
10 1 18
19 12 10
10 18 19
10 2 14
17 1 6
2 14 4
3 12 19
5 6 7
7 8 20
17 18 7
19 4 1
14 13 13
13 16 13
4 20 7
15 2 11
13 6 15
1 5 11
6 17 12
7 11 15
9 3 19
3 8 14
16 11 5
2 10 8
4 6 18
8 10 4
9 2 12
16 3 15
20 4 11
13 17 18
13 6 11
13 19 6
1 11 11
5 18 8
9 6 5
9 4 4
14 10 12
2 11 19
2 17 14
13 10 4
13 8 18
13 19 12
17 2 14
3 19 8
8 9 10
8 1 20
19 4 6
15 15 9
8 4 5
15 13 20
14 1 8
3 10 2
11 13 20
8 8 4
2 2 14
3 18 7
19 4 2
1 6 8
6 1 9
9 8 19
19 5 5
16 7 5
14 5 17
16 14 6
9 5 16
16 17 10
18 11 13
1 5 2
18 14 2
20 8 9
11 11 17
3 8 12
2 11 1
5 20 4
3 13 8
9 2 14
7 9 9
7 18 1
6 18 15
14 18 4
1 8 7
20 5 3
2 1 12
19 18 5
18 1 14
14 2 5
8 15 15
1 1 13
4 19 18
4 15 16
19 19 5
7 6 11
5 9 1
5 6 9
6 12 18
3 2 13
4 1 17
17 14 13
3 11 17
11 5 2
10 16 10
13 3 1
16 20 5
4 11 16
5 17 12
11 17 11
20 20 7
11 3 1
11 7 17
12 12 16
11 7 11
16 16 4
5 8 11
17 3 11
11 8 17
13 8 14
2 19 3
12 15 17
8 16 1
17 13 18
4 3 15
19 19 15
8 7 16
20 4 1
3 4 10
4 18 9
6 11 15
18 16 15
17 4 2
13 11 2
11 8 14
5 13 1
7 3 17
11 12 15
8 9 17
8 15 4
18 11 7
14 7 3
11 20 18
12 4 19
8 16 20
7 5 2
15 10 14
15 14 5
19 20 8
1 17 5
12 17 2
2 2 12
6 16 15
5 2 13
17 4 11
13 11 9
10 7 10
9 1 10
2 7 12
19 13 16
11 14 18
5 14 19
19 9 9
14 2 13
14 8 11
2 14 10
16 19 9
6 13 9
9 14 18
15 1 13
20 15 4
9 2 20
14 8 10
19 1 15
13 7 12
1 3 13
11 18 7
8 17 11
20 15 11
7 4 9
12 15 16
17 15 5
2 15 15
9 6 14
9 19 12
10 14 11
1 15 2
7 9 6
20 2 12
7 5 5
5 6 19
8 8 10
9 12 19
8 13 7
19 14 8
2 19 9
11 13 10
14 4 3
14 3 14
10 20 13
15 1 3
7 18 20
20 3 19
12 9 18
18 2 1
9 14 18
14 13 1
7 7 16
5 4 14
12 9 20
13 6 2
6 3 17
1 3 12
11 7 10
17 11 17
14 2 15
7 6 7
9 4 15
15 11 14
18 11 8
5 8 2
3 18 20
20 6 13
2 5 9
7 10 13
16 2 18
11 1 7
5 10 17
1 19 17
16 13 3
5 9 6
1 5 9
14 2 20
20 3 18
9 17 11
15 2 3
6 6 11
18 14 7
8 1 13
16 19 15
10 14 6
7 11 17
12 14 15
5 3 16
15 18 4
10 12 20
18 18 7
10 12 8
15 9 9
1 18 13
16 9 9
11 17 4
12 8 5
4 5 19
19 17 9
20 10 3
11 17 3
15 6 9
14 5 11
10 16 8
13 14 9
3 15 2
2 15 20
16 3 17
12 11 17
10 4 19
6 13 6
9 13 20
9 9 2
10 19 6
17 11 8
20 5 12
15 18 19
20 20 8
10 6 3
18 6 3
3 7 11
18 9 7
8 17 11
3 11 7
12 1 18
13 1 19
12 18 16
5 1 5
11 13 9
4 10 19
5 16 13
2 15 4
19 6 14
6 3 12
17 11 10
16 19 9
19 5 17
13 4 6
19 11 19
17 2 6
2 13 3
3 9 8
6 20 12
4 3 11
15 6 2
5 10 16
13 19 15
5 18 7
7 9 5
11 14 9
12 13 8
17 7 18
12 20 15
1 3 4
4 7 8
2 12 1
17 15 12
6 5 2
2 2 7
13 13 9
2 10 11
16 15 5
13 17 12
17 17 10
19 16 3
9 19 20
18 11 5
13 2 5
18 1 20
15 6 16
1 8 2
18 3 18
12 12 5
3 6 9
5 3 13
6 4 11
7 20 20
16 5 4
15 12 20
16 5 4
2 4 1
3 5 20
19 15 10
11 18 7
12 7 11
13 10 9
19 18 8
9 16 8
1 4 14
18 11 20
9 19 14
9 14 16
20 8 10
4 2 18
13 14 19
11 19 15
10 6 8
4 3 11
14 3 10
2 4 10
13 12 5
7 1 19
15 12 19
18 10 11
10 12 1
1 9 12
5 6 13
7 10 1
13 15 1
14 2 12
13 14 20
8 7 2
1 16 11
15 1 11
19 13 16
1 3 20
9 4 3
14 11 9
1 13 18
5 8 2
10 13 17
8 5 7
3 2 18
5 15 11
2 12 15
6 17 10
14 7 18
19 13 13
13 13 20
7 4 11
4 5 12
10 16 15
2 12 3
14 13 12
3 1 3
12 18 1
19 11 16
1 3 11
17 20 15
6 13 8
9 16 14
9 6 7
9 11 16
1 18 16
3 18 20
3 11 19
12 18 11
2 12 15
5 16 7
15 18 9
13 3 9
9 2 18
20 14 2
20 4 17
4 20 16
13 10 6
15 13 4
9 15 7
10 19 2
13 6 17
14 18 8
16 7 13
20 13 10
18 1 2
20 4 13
13 15 3
10 13 13
7 18 9
8 9 16
7 19 19
17 5 3
15 15 14
19 10 4
1 18 2
9 7 10
